c00d
5601
fe72
4400
5601
fe70
4400
5601
a00c
c012
5c00
8007
5200
56f6
fe80
e000
c2a9
5200
c0f2
c018
c058
c1a0
c091
5200
fe70
4000
5800
a023
e0fd
4000
5800
020a
e0fd
4400
8023
fe71
4000
5800
a031
e0fd
4000
5800
0614
e0fd
4400
5600
e0fc
4400
8031
fe72
4000
5800
a03f
e0fd
4000
5800
3a64
a03e
57e2
e0fc
4400
803e
803f
fe73
4000
5800
a04d
e0fd
4000
5800
3a64
a04c
57e2
e0fc
4400
804c
804d
e0fd
4000
5800
0603
5600
c28b
e7d0
c29a
e0fd
4400
5200
4a02
5601
e7d0
e0fd
4000
5800
0400
1e09
0000
4600
e0fc
4000
5800
3600
a072
e0fc
4000
5800
4200
5800
0400
5600
c28b
e0fc
4400
8082
e0fc
4000
5800
2e00
a082
e0fc
4000
5800
4200
5800
0000
5600
c29a
e0fc
4400
8082
feff
4000
5800
4601
4201
5800
e0fc
4000
5800
0204
2203
0000
feff
4400
5202
e3e8
e102
e0fe
57b0
e3d4
ffc1
1a03
1204
ff22
c0a6
e1f4
e10b
e107
5738
e1e0
ffc1
1a03
1204
ff46
c0a6
5200
4a07
4600
4601
4602
4603
4604
4605
4606
4200
5800
4002
5800
4202
5800
3800
4200
5800
4002
5800
4201
5800
3000
1000
a0e0
c2ca
4206
5800
3c00
a0df
4204
5800
c2ca
0e03
0000
4000
5800
4200
5800
4401
4203
5800
4200
5800
4402
4205
5800
5601
c2ca
0e03
0000
0000
4000
5800
4205
5800
4400
80df
80f1
4200
5800
4002
5800
4205
5800
4000
5800
e0fd
4000
5800
1e07
0000
0000
4200
5800
4402
5207
4a0f
fefe
4600
4200
5800
4001
5800
0202
4601
4200
5800
4002
5800
03f8
4602
4201
5800
0214
4603
4202
5800
0238
4604
4201
5800
2ee6
4203
5800
e19a
3400
1000
a114
c166
8114
ff22
4605
4205
5800
4001
5800
4606
4205
5800
4002
5800
03f8
4607
4206
5800
0218
4608
4207
5800
0236
4609
4209
5800
4208
5800
4207
5800
4206
5800
4204
5800
4203
5800
4202
5800
4201
5800
c260
a13d
c166
813d
ff46
460a
420a
5800
4001
5800
460b
420a
5800
4002
5800
460c
420b
5800
0228
460d
420c
5800
02ac
460e
420e
5800
420d
5800
420c
5800
420b
5800
4204
5800
4203
5800
4202
5800
4201
5800
c260
a165
c166
8165
520f
4a04
fefe
4600
4200
5800
4002
5800
4601
5600
4602
4202
5800
2e05
a19b
5600
4603
4201
5800
4200
5800
4402
4203
5800
2e0f
a185
5c00
4203
5800
0201
4603
817b
5600
4603
ff83
1a03
4200
5800
4402
4203
5800
2e1e
a196
5c00
4203
5800
0201
4603
818c
4202
5800
0201
4602
8170
5601
a19f
5c00
819b
5204
4a01
e0fd
4000
5800
1e07
4600
4200
5800
c226
4200
5800
c1b5
4200
5800
fece
c1f9
4200
5800
fee6
c1f9
5201
4a03
4600
feb0
4601
fe98
4602
4201
5800
4002
5800
e1e0
3800
c2ca
e3e8
3c00
0c00
a1d6
4202
5800
4002
5800
2e00
a1d5
4202
5800
4002
5800
0649
4201
5800
4402
81d5
81d6
4201
5800
4002
5800
4200
5800
0000
4201
5800
4402
5203
4a03
4600
4601
5600
4602
4202
5800
2e04
a1f8
4201
5800
4200
5800
4404
4200
5800
0206
4600
4202
5800
0201
4602
81e6
5203
4a02
4600
4601
4200
5800
4002
5800
4201
5800
0000
4200
5800
4402
4200
5800
4002
5800
e1e0
3800
a225
c2ca
e3e8
3c00
a224
e0f6
c2ca
0e03
0000
4000
5800
4200
5800
c1e1
4200
5800
4004
5800
0bff
060a
4200
5800
4402
8224
8225
5202
4a02
4600
5600
4601
4201
5800
2e04
a238
4201
5800
0a06
0202
c241
4201
5800
0201
4601
822a
e0fb
4000
5800
4200
5800
0000
e0fb
4400
5202
4a01
4600
e0fb
4000
5800
e1e0
3800
a251
e0fb
4000
5800
e248
0400
e0fb
4400
8251
e0fb
4000
5800
fe98
4200
5800
0000
4400
e0fb
4000
5800
0292
e0fb
4400
5201
4a08
4600
4601
4602
4603
4604
4605
4606
4607
4202
5800
4204
5800
2c00
a271
5600
5208
4200
5800
4206
5800
3400
a279
5600
5208
4203
5800
4205
5800
2c00
a281
5600
5208
4201
5800
4207
5800
3400
a289
5600
5208
5601
5208
4a02
4600
4601
4200
5800
4201
5800
3400
a297
4200
5800
5202
4201
5800
5202
4a02
4600
4601
4200
5800
4201
5800
2c00
a2a6
4200
5800
5202
4201
5800
5202
4a04
4600
4601
4602
4200
5800
4202
5800
0000
4603
4200
5800
4203
5800
2800
a2c9
4200
5800
4000
5800
4201
5800
4400
4200
5800
0201
4600
4201
5800
0201
4601
82b3
5204
e0fa
4000
5800
e0fa
4000
5800
1a07
1400
e0fa
4400
e0fa
4000
5800
e0fa
4000
5800
1e09
1400
e0fa
4400
e0fa
4000
5800
e0fa
4000
5800
1a08
1400
e0fa
4400
e0fa
4000
5800
5200
